array([[0.83931003, 0.26192622, 0.68231662],
       [0.77530857, 0.32924698, 0.83567588],
       [0.72985179, 0.39578494, 0.02982042],
       [0.9160173 , 0.31183387, 0.14169138],
       [0.08018574, 0.42712862, 0.18754182],
       [0.22522605, 0.44500059, 0.04351903],
       [0.26844854, 0.56835562, 0.2261598 ],
       [0.19265717, 0.72233388, 0.40120734],
       [0.35372332, 0.92102013, 0.49705904],
       [0.47355067, 0.11014349, 0.68165872],
       [0.59375632, 0.16383112, 0.88233107],
       [0.75386842, 0.15741268, 0.07806074],
       [0.8879267 , 0.00252464, 0.26980115],
       [0.708869  , 0.03524318, 0.39218397],
       [0.6898673 , 0.90567314, 0.32376396],
       [0.85080118, 0.04117434, 0.37907854],
       [0.03479146, 0.2044221 , 0.19008531],
       [0.01861991, 0.16906252, 0.40520595],
       [0.18766164, 0.01523509, 0.46486366],
       [0.28317185, 0.83040205, 0.4494441 ],
       [0.28129138, 0.85641614, 0.48180412],
       [0.30543439, 0.86357303, 0.28756924],
       [0.36626957, 0.0377642 , 0.41277342],
       [0.52245462, 0.20216578, 0.21420357],
       [0.72096997, 0.06868788, 0.42683539]])
